2454270.831	0.611	0.019
2454270.901	0.629	0.015
2454276.537	0.629	0.017
2454276.604	0.619	0.017
2454283.357	0.647	0.018
2454283.424	0.638	0.018
2454283.490	0.625	0.019
2454290.328	0.668	0.021
2454290.375	0.677	0.018
2454290.442	0.632	0.017
2454290.510	0.628	0.016
2454290.578	0.638	0.016
2454297.149	0.665	0.016
2454297.217	0.679	0.017
2454304.037	0.682	0.017
2454304.108	0.643	0.019
2454304.177	0.684	0.026
2454310.944	0.694	0.018
2454311.012	0.669	0.017
2454311.066	0.635	0.022
2454317.957	0.644	0.020
2456431.671	1.080	0.032
2456431.800	1.070	0.029
2456432.818	1.050	0.032
2456437.945	1.110	0.025
2456443.962	1.080	0.028
2456444.030	1.120	0.031
2456452.035	1.070	0.029
2456452.111	1.040	0.030
2456453.967	1.060	0.030
2456454.034	1.030	0.029
2456456.036	1.030	0.030
2456456.105	1.060	0.030
2456457.640	1.010	0.024
2456459.522	1.020	0.031
2456459.574	1.020	0.027
2456461.926	1.000	0.031
2456465.729	1.100	0.028
2456465.794	1.020	0.030
2456469.803	1.090	0.027
2456469.874	1.080	0.032
2456471.277	1.080	0.025
2456472.339	1.090	0.028
2456472.473	1.130	0.028
2456472.862	1.110	0.025
2456474.471	1.100	0.025
2456474.797	1.180	0.027
2456475.740	1.160	0.032
2456475.808	1.150	0.027
2456477.198	1.130	0.026
2456478.265	1.150	0.027
2456478.537	1.140	0.026
2456479.867	1.070	0.025
2456480.537	1.140	0.026
2456481.676	1.090	0.025
2456482.538	1.080	0.025
2456483.602	1.070	0.031
2456485.216	1.130	0.026
2456486.009	1.140	0.026
2456486.939	1.100	0.028
2456487.005	1.110	0.036
2456487.740	1.130	0.041
2456488.540	1.140	0.035
2456488.606	1.110	0.034
2456490.030	1.160	0.027
2456491.156	1.230	0.028
2456491.879	1.180	0.032
2456491.946	1.250	0.035
2456492.891	1.220	0.028
2456494.085	1.200	0.028
2456494.960	1.210	0.032
2456495.028	1.240	0.034
2456496.155	1.240	0.028
2456496.554	1.260	0.029
2456497.627	1.310	0.030
2456498.555	1.290	0.035
2456499.834	1.320	0.030
2456502.972	1.350	0.030
2456503.382	1.350	0.039
2456503.429	1.330	0.038
2456505.043	1.320	0.030
2456505.899	1.320	0.037
2456505.967	1.350	0.032
2456507.846	1.370	0.031
2456509.250	1.380	0.032
2456509.454	1.440	0.037
2456666.073	1.340	0.039
2456668.280	1.270	0.039
2456668.471	1.330	0.033
2456670.465	1.300	0.032
2456672.347	1.380	0.033
2456674.069	1.350	0.033
2456676.486	1.390	0.037
2456682.004	1.420	0.034
2456684.352	1.470	0.034
2456685.819	1.440	0.035
2456690.424	1.410	0.035
2456698.358	1.490	0.035
2456699.560	1.510	0.037
2456702.414	1.500	0.037
2456706.484	1.460	0.036
2456708.225	1.460	0.035
2456709.561	1.400	0.045
2456710.103	1.470	0.041
2456710.165	1.400	0.040
2456710.634	1.420	0.039
2456711.020	1.470	0.042
2456711.355	1.400	0.043
2456712.090	1.360	0.037
2456713.225	1.410	0.040
2456713.508	1.360	0.038
2456713.956	1.360	0.040
2456714.222	1.440	0.040
2456714.507	1.410	0.041
2456715.039	1.380	0.040
2456715.639	1.350	0.039
2456717.036	1.330	0.038
2456718.364	1.280	0.034
2456718.634	1.240	0.036
2456719.707	1.320	0.036
2456720.097	1.290	0.039
2456720.373	1.290	0.034
2456720.635	1.270	0.037
2456720.964	1.280	0.035
2456721.377	1.210	0.033
2456721.566	1.230	0.036
2456722.367	1.210	0.033
2456722.840	1.210	0.035
2456723.109	1.190	0.034
2456723.440	1.250	0.034
2456723.891	1.160	0.033
2456724.445	1.190	0.033
2456724.565	1.210	0.035
2456724.825	1.160	0.034
2456725.164	1.170	0.034
2456725.292	1.170	0.033
2456725.635	1.190	0.034
2456726.025	1.180	0.037
2456726.307	1.180	0.031
2456727.026	1.234	0.025
2456727.306	1.210	0.032
2456727.508	1.160	0.034
2456727.842	1.230	0.035
2456728.577	1.260	0.035
2456728.842	1.260	0.034
2456729.639	1.200	0.034
2456730.033	1.180	0.034
2456730.370	1.220	0.033
2456730.630	1.220	0.033
2456730.960	1.210	0.033
2456731.363	1.220	0.032
2456731.628	1.180	0.032
2456732.043	1.220	0.034
2456732.368	1.240	0.032
2456732.712	1.300	0.035
2456732.976	1.220	0.033
2456733.228	1.260	0.033
2456733.572	1.230	0.033
2456733.968	1.240	0.033
2456734.234	1.220	0.031
2456734.508	1.270	0.035
2456734.894	1.250	0.035
2456735.294	1.320	0.034
2456735.635	1.240	0.034
2456736.295	1.330	0.035
2456736.560	1.340	0.037
2456736.894	1.290	0.036
2456737.508	1.380	0.040
2456737.894	1.340	0.039
2456738.228	1.350	0.036
2456738.510	1.380	0.041
2456738.894	1.430	0.040
2456739.228	1.430	0.038
2456739.582	1.410	0.041
2456739.979	1.480	0.040
2456740.314	1.490	0.039
2456740.515	1.440	0.039
2456740.910	1.490	0.041
2456741.315	1.440	0.039
2456741.508	1.450	0.041
2456741.894	1.530	0.041
2456742.228	1.520	0.040
2456742.713	1.500	0.043
2456742.961	1.520	0.041
2456743.368	1.530	0.040
2456743.508	1.510	0.042
2456744.436	1.591	0.028
2456744.508	1.550	0.041
2456745.375	1.650	0.046
2456745.578	1.600	0.044
2456745.899	1.610	0.045
2456746.236	1.570	0.042
2456746.570	1.560	0.044
2456746.895	1.600	0.044
2456747.694	1.620	0.044
2456748.027	1.640	0.045
2456748.508	1.590	0.047
2456749.094	1.610	0.043
2456749.371	1.580	0.042
2456749.508	1.650	0.047
2456750.448	1.660	0.044
2456750.574	1.630	0.045
2456751.563	1.600	0.045
2456752.034	1.580	0.044
2456752.630	1.570	0.045
2456753.032	1.570	0.043
2456753.362	1.500	0.041
2456753.699	1.470	0.043
2456753.908	1.520	0.040
2456754.165	1.490	0.040
2456754.363	1.530	0.038
2456755.042	1.450	0.040
2456755.364	1.470	0.040
2456755.516	1.450	0.040
2456756.096	1.410	0.039
2456756.301	1.440	0.039
2456756.767	1.460	0.041
2456757.297	1.460	0.039
2456757.513	1.430	0.038
2456757.977	1.510	0.040
2456758.308	1.460	0.039
2456758.513	1.490	0.039
2456758.963	1.400	0.037
2456759.230	1.430	0.038
2456759.831	1.490	0.039
2456759.963	1.400	0.037
2456760.297	1.430	0.037
2456761.037	1.420	0.038
2456761.831	1.500	0.038
2456762.039	1.480	0.039
2456762.300	1.450	0.037
2456762.832	1.430	0.041
2456763.043	1.430	0.039
2456763.376	1.420	0.038
2456763.513	1.410	0.037
2456764.032	1.470	0.038
2456764.381	1.490	0.039
2456764.765	1.420	0.039
2456765.114	1.440	0.041
2456765.698	1.490	0.043
2456766.098	1.450	0.041
2456766.381	1.410	0.042
2456766.719	1.460	0.042
2456767.380	1.490	0.041
2456768.444	1.450	0.039
2456769.381	1.470	0.040
2456770.509	1.470	0.041
2456770.843	1.510	0.041
2456771.175	1.500	0.040
2456774.720	1.560	0.046
2456774.922	1.510	0.082
2456775.576	1.520	0.041
2456776.036	1.530	0.041
2456776.237	1.530	0.039
2456776.972	1.580	0.041
2456777.372	1.560	0.041
2456777.518	1.500	0.042
2456778.583	1.520	0.042
2456779.377	1.560	0.044
2456779.849	1.480	0.040
2456780.249	1.510	0.041
2456780.518	1.580	0.046
2456780.584	1.570	0.045
2456782.095	1.460	0.040
2456782.306	1.540	0.040
2456782.703	1.520	0.042
2456782.975	1.490	0.041
2456783.364	1.490	0.042
2456783.562	1.480	0.041
2456783.962	1.570	0.043
2456785.038	1.490	0.042
2456785.563	1.510	0.042
2456786.363	1.560	0.041
2456786.972	1.540	0.042
2456787.305	1.530	0.040
2456787.710	1.500	0.042
2456787.979	1.540	0.043
2456788.303	1.530	0.042
2456789.042	1.520	0.040
2456789.305	1.520	0.040
2456789.646	1.480	0.043
2456789.964	1.530	0.041
2456790.633	1.460	0.040
2456791.034	1.520	0.042
2456791.633	1.480	0.042
2456791.963	1.530	0.041
2456792.365	1.550	0.043
2456792.507	1.470	0.044
2456792.843	1.630	0.043
2456793.842	1.530	0.040
2456794.245	1.490	0.042
2456794.693	1.510	0.045
2456795.360	1.480	0.044
2456795.891	1.500	0.040
2456796.890	1.520	0.041
2456797.224	1.490	0.050
2456798.507	1.570	0.044
2456798.889	1.470	0.040
2456799.224	1.500	0.038
2456799.561	1.610	0.041
2456800.024	1.480	0.038
2456800.359	1.520	0.042
2456800.825	1.530	0.040
2456801.095	1.520	0.040
2456802.094	1.540	0.038
2456802.626	1.550	0.039
2456802.888	1.560	0.045
2456803.627	1.490	0.040
2456804.229	1.570	0.042
2456805.089	1.520	0.043
2456805.973	1.540	0.040
2456806.368	1.520	0.040
2456806.889	1.540	0.041
2456807.222	1.560	0.041
2456807.888	1.530	0.041
2456808.554	1.470	0.039
2456808.887	1.550	0.042
2456809.220	1.520	0.043
2456809.887	1.590	0.043
2456810.221	1.580	0.044
2456810.554	1.490	0.040
2456810.887	1.580	0.042
2456811.220	1.520	0.045
2456811.754	1.520	0.042
2456812.022	1.630	0.045
2456812.370	1.580	0.044
2456812.554	1.550	0.042
2456812.886	1.600	0.044
2456813.225	1.560	0.044
2456813.553	1.560	0.043
2456813.972	1.590	0.041
2456814.369	1.610	0.042
2456814.554	1.580	0.046
2456814.623	1.610	0.041
2456815.695	1.600	0.044
2456815.954	1.620	0.046
2456816.227	1.610	0.044
2456817.622	1.670	0.043
2456818.089	1.710	0.040
2456818.239	1.720	0.047
2456818.704	1.780	0.050
2456818.958	1.660	0.044
2456819.695	1.650	0.046
2456820.226	1.720	0.047
2456820.573	1.790	0.049
2456820.636	1.690	0.047
2456820.688	1.730	0.047
2456821.903	1.710	0.045
2456822.363	1.670	0.046
2456823.154	1.660	0.047
2456823.293	1.670	0.044
2456824.618	1.730	0.049
2456825.361	1.650	0.045
2456825.550	1.780	0.047
2456825.954	1.590	0.035
2456826.430	1.650	0.046
2456826.762	1.640	0.045
2456827.037	1.590	0.042
2456827.428	1.580	0.043
2456827.883	1.570	0.042
2456828.151	1.590	0.044
2456828.427	1.570	0.043
2456828.552	1.610	0.037
2456829.017	1.610	0.044
2456829.815	1.560	0.045
2456830.150	1.540	0.042
2456830.421	1.550	0.042
2456867.737	1.539	0.034
2456869.877	1.552	0.035
2456871.936	1.580	0.035
2456873.669	1.614	0.036
2456875.602	1.627	0.036
