2454270.830	0.500	0.017
2454270.900	0.525	0.015
2454276.536	0.535	0.016
2454276.602	0.530	0.016
2454283.356	0.556	0.017
2454283.423	0.532	0.017
2454283.490	0.546	0.018
2454290.327	0.592	0.021
2454290.374	0.598	0.018
2454290.441	0.582	0.017
2454290.509	0.600	0.017
2454290.577	0.581	0.016
2454297.147	0.604	0.017
2454297.215	0.601	0.017
2454304.035	0.632	0.018
2454304.107	0.634	0.021
2454304.177	0.638	0.027
2454310.943	0.646	0.019
2454311.010	0.646	0.019
2454311.065	0.664	0.025
2454317.891	0.530	0.020
2454317.957	0.551	0.019
2454318.024	0.565	0.021
2454318.094	0.512	0.044
2456431.670	1.380	0.043
2456431.800	1.430	0.040
2456432.817	1.470	0.046
2456437.943	1.490	0.037
2456443.961	1.380	0.038
2456444.029	1.470	0.043
2456452.035	1.360	0.039
2456452.110	1.310	0.039
2456453.967	1.370	0.040
2456454.033	1.360	0.040
2456456.035	1.320	0.040
2456456.105	1.310	0.039
2456457.639	1.330	0.034
2456459.522	1.380	0.043
2456459.573	1.300	0.036
2456461.926	1.270	0.040
2456465.728	1.390	0.038
2456465.794	1.360	0.041
2456469.802	1.390	0.037
2456469.873	1.420	0.044
2456471.276	1.440	0.036
2456472.339	1.460	0.039
2456472.472	1.490	0.040
2456472.861	1.460	0.036
2456474.469	1.450	0.036
2456474.795	1.520	0.038
2456475.739	1.520	0.044
2456475.807	1.560	0.040
2456477.196	1.580	0.040
2456478.264	1.560	0.039
2456478.535	1.490	0.037
2456479.865	1.400	0.035
2456480.536	1.450	0.036
2456481.674	1.390	0.035
2456482.537	1.420	0.036
2456483.602	1.410	0.043
2456485.215	1.460	0.036
2456486.008	1.530	0.038
2456486.938	1.510	0.040
2456487.004	1.540	0.050
2456487.740	1.450	0.052
2456488.539	1.500	0.047
2456488.606	1.500	0.047
2456490.029	1.540	0.039
2456491.154	1.620	0.040
2456491.878	1.630	0.046
2456491.945	1.670	0.048
2456492.889	1.620	0.040
2456494.083	1.670	0.042
2456494.960	1.700	0.047
2456495.027	1.700	0.049
2456496.153	1.750	0.043
2456496.553	1.750	0.044
2456497.626	1.840	0.046
2456498.554	1.830	0.051
2456499.832	1.820	0.045
2456502.971	1.940	0.048
2456503.381	2.000	0.060
2456503.428	1.980	0.058
2456505.041	1.930	0.048
2456505.898	1.870	0.054
2456505.966	1.890	0.049
2456507.845	2.010	0.049
2456509.249	2.080	0.053
2456509.454	2.090	0.057
2456529.123	2.370	0.058
2456529.189	2.390	0.058
2456666.072	1.750	0.053
2456668.279	1.770	0.055
2456668.470	1.790	0.047
2456670.464	1.890	0.050
2456672.346	1.900	0.049
2456674.068	1.920	0.050
2456676.485	1.920	0.054
2456682.003	2.040	0.053
2456684.351	2.060	0.052
2456685.818	2.090	0.054
2456690.423	1.960	0.052
2456698.357	2.190	0.056
2456699.559	2.200	0.058
2456702.413	2.260	0.058
2456706.483	2.180	0.058
2456708.224	2.190	0.057
2456709.561	2.190	0.071
2456710.102	2.150	0.062
2456710.164	2.190	0.064
2456710.633	2.120	0.061
2456711.020	2.010	0.060
2456711.355	2.030	0.063
2456712.089	2.070	0.059
2456713.225	2.100	0.063
2456713.507	1.930	0.056
2456713.955	2.030	0.061
2456714.222	2.040	0.059
2456714.507	1.980	0.059
2456715.039	1.980	0.059
2456715.638	1.940	0.058
2456717.035	1.890	0.056
2456718.364	1.780	0.050
2456718.634	1.740	0.052
2456719.707	1.780	0.051
2456720.096	1.690	0.053
2456720.372	1.790	0.050
2456720.634	1.730	0.052
2456720.964	1.670	0.048
2456721.376	1.720	0.048
2456721.565	1.710	0.052
2456722.367	1.640	0.047
2456722.839	1.590	0.048
2456723.108	1.550	0.046
2456723.439	1.550	0.045
2456723.891	1.630	0.048
2456724.444	1.550	0.045
2456724.565	1.600	0.048
2456724.825	1.600	0.049
2456725.164	1.550	0.046
2456725.292	1.650	0.049
2456725.634	1.660	0.050
2456726.025	1.560	0.050
2456726.307	1.640	0.046
2456727.025	1.600	0.034
2456727.306	1.600	0.044
2456727.507	1.630	0.050
2456727.842	1.630	0.048
2456728.576	1.590	0.046
2456728.841	1.630	0.046
2456729.639	1.610	0.047
2456730.033	1.580	0.047
2456730.369	1.640	0.047
2456730.629	1.630	0.046
2456730.959	1.690	0.047
2456731.363	1.650	0.045
2456731.627	1.660	0.047
2456732.042	1.650	0.047
2456732.367	1.660	0.046
2456732.712	1.650	0.047
2456732.976	1.650	0.047
2456733.227	1.630	0.045
2456733.571	1.630	0.046
2456733.967	1.620	0.046
2456734.233	1.700	0.046
2456734.508	1.650	0.048
2456734.893	1.770	0.051
2456735.293	1.770	0.048
2456735.634	1.680	0.048
2456736.294	1.810	0.050
2456736.560	1.830	0.053
2456736.893	1.860	0.054
2456737.507	1.830	0.055
2456737.894	1.930	0.058
2456738.227	1.960	0.055
2456738.510	2.110	0.064
2456738.894	2.010	0.059
2456739.227	2.030	0.057
2456739.581	2.100	0.063
2456739.978	2.110	0.060
2456740.313	2.140	0.060
2456740.514	2.160	0.062
2456740.910	2.140	0.062
2456741.314	2.100	0.060
2456741.508	2.230	0.066
2456741.893	2.220	0.063
2456742.227	2.170	0.061
2456742.712	2.190	0.066
2456742.960	2.260	0.064
2456743.367	2.350	0.065
2456743.508	2.330	0.067
2456744.435	2.345	0.045
2456744.508	2.470	0.070
2456745.374	2.430	0.072
2456745.578	2.410	0.070
2456745.899	2.480	0.072
2456746.236	2.470	0.070
2456746.570	2.460	0.072
2456746.894	2.400	0.069
2456747.693	2.480	0.071
2456748.027	2.430	0.070
2456748.508	2.480	0.076
2456749.094	2.480	0.070
2456749.371	2.480	0.070
2456749.508	2.470	0.073
2456750.448	2.470	0.070
2456750.573	2.430	0.071
2456751.562	2.450	0.072
2456752.033	2.340	0.068
2456752.630	2.430	0.073
2456753.032	2.350	0.068
2456753.361	2.310	0.067
2456753.698	2.310	0.069
2456753.907	2.230	0.062
2456754.164	2.260	0.064
2456754.362	2.200	0.059
2456755.042	2.110	0.062
2456755.363	2.120	0.061
2456755.515	2.130	0.061
2456756.095	2.120	0.061
2456756.300	2.140	0.061
2456757.296	2.180	0.062
2456757.512	2.230	0.062
2456757.976	2.190	0.061
2456758.307	2.160	0.060
2456758.512	2.180	0.061
2456758.963	2.160	0.060
2456759.229	2.110	0.059
2456759.830	2.060	0.057
2456759.963	1.960	0.055
2456760.297	2.050	0.057
2456761.037	2.040	0.057
2456761.830	2.150	0.059
2456762.038	2.060	0.057
2456762.299	2.160	0.059
2456762.832	2.160	0.064
2456763.042	2.050	0.059
2456763.375	2.100	0.059
2456763.512	2.010	0.056
2456764.031	2.170	0.060
2456764.381	2.100	0.058
2456764.764	2.110	0.060
2456765.113	2.100	0.062
2456765.697	2.150	0.065
2456766.097	2.130	0.062
2456766.381	2.060	0.063
2456766.719	2.080	0.063
2456767.379	2.100	0.061
2456768.443	2.230	0.063
2456769.380	2.170	0.061
2456770.509	2.120	0.061
2456770.842	2.260	0.064
2456771.174	2.250	0.063
2456774.719	2.330	0.071
2456774.922	2.360	0.070
2456775.575	2.350	0.066
2456776.035	2.280	0.064
2456776.236	2.340	0.063
2456776.971	2.320	0.065
2456777.371	2.250	0.063
2456777.517	2.190	0.064
2456778.583	2.260	0.066
2456779.377	2.240	0.067
2456779.782	2.200	0.061
2456779.848	2.240	0.064
2456780.248	2.270	0.065
2456780.517	2.190	0.067
2456780.584	2.250	0.067
2456782.095	2.260	0.065
2456782.305	2.160	0.060
2456782.702	2.220	0.065
2456782.974	2.220	0.065
2456783.363	2.250	0.067
2456783.562	2.200	0.064
2456783.961	2.270	0.065
2456785.037	2.220	0.066
2456785.563	2.340	0.068
2456786.362	2.310	0.064
2456786.971	2.190	0.063
2456787.304	2.280	0.064
2456787.709	2.310	0.068
2456787.978	2.260	0.066
2456788.302	2.350	0.068
2456789.042	2.280	0.064
2456789.304	2.140	0.060
2456789.645	2.220	0.066
2456789.963	2.250	0.064
2456790.632	2.160	0.063
2456791.033	2.250	0.065
2456791.632	2.080	0.061
2456791.962	2.100	0.059
2456792.364	2.220	0.065
2456792.842	2.200	0.061
2456793.841	2.200	0.061
2456794.245	2.310	0.068
2456794.692	2.210	0.068
2456795.359	2.210	0.068
2456795.890	2.240	0.062
2456796.890	2.200	0.063
2456797.223	2.260	0.062
2456798.223	2.280	0.064
2456798.507	2.310	0.068
2456798.889	2.210	0.063
2456799.224	2.230	0.060
2456799.560	2.320	0.064
2456800.023	2.210	0.060
2456800.358	2.250	0.066
2456800.824	2.180	0.060
2456801.094	2.190	0.061
2456802.093	2.200	0.059
2456802.625	2.220	0.059
2456802.888	2.200	0.066
2456803.627	2.170	0.061
2456804.228	2.180	0.061
2456805.088	2.220	0.065
2456805.972	2.220	0.061
2456806.367	2.260	0.063
2456806.888	2.290	0.065
2456807.222	2.230	0.062
2456807.887	2.270	0.064
2456808.553	2.290	0.065
2456808.887	2.390	0.067
2456809.219	2.210	0.065
2456809.887	2.250	0.064
2456810.220	2.350	0.068
2456810.553	2.300	0.065
2456810.887	2.280	0.065
2456811.220	2.280	0.070
2456812.021	2.280	0.066
2456812.369	2.310	0.067
2456812.553	2.280	0.066
2456812.886	2.220	0.064
2456813.225	2.280	0.068
2456813.552	2.280	0.066
2456813.971	2.300	0.064
2456814.369	2.260	0.063
2456814.553	2.390	0.073
2456814.622	2.300	0.063
2456815.695	2.380	0.069
2456815.954	2.450	0.073
2456816.227	2.490	0.072
2456817.621	2.540	0.069
2456818.088	2.530	0.064
2456818.238	2.440	0.071
2456818.703	2.660	0.079
2456818.957	2.660	0.075
2456819.694	2.610	0.076
2456820.225	2.630	0.076
2456820.572	2.530	0.074
2456820.635	2.590	0.075
2456820.687	2.590	0.075
2456821.902	2.570	0.072
2456822.363	2.640	0.076
2456823.154	2.650	0.078
2456823.293	2.560	0.072
2456824.618	2.520	0.075
2456825.361	2.500	0.072
2456825.550	2.510	0.071
2456825.952	2.530	0.061
2456826.429	2.400	0.070
2456826.761	2.430	0.070
2456827.036	2.330	0.066
2456827.428	2.350	0.068
2456827.882	2.360	0.067
2456828.151	2.430	0.070
2456828.426	2.330	0.067
2456828.551	2.360	0.059
2456829.016	2.350	0.068
2456829.815	2.170	0.065
2456830.149	2.300	0.065
2456830.420	2.290	0.066
2456867.736	2.282	0.056
2456869.875	2.346	0.058
2456871.934	2.344	0.057
2456873.667	2.385	0.059
2456875.601	2.384	0.059
