1.600000E+03 2.499554E-03
1.610000E+03 2.699233E-03
1.620000E+03 2.898913E-03
1.630000E+03 3.199323E-03
1.640000E+03 3.399002E-03
1.650000E+03 3.698520E-03
1.660000E+03 3.998931E-03
1.670000E+03 4.398289E-03
1.680000E+03 4.697807E-03
1.690000E+03 5.097165E-03
1.700000E+03 5.597255E-03
1.710000E+03 6.097344E-03
1.720000E+03 6.596542E-03
1.730000E+03 7.196470E-03
1.740000E+03 7.896239E-03
1.750000E+03 8.696738E-03
1.760000E+03 9.496346E-03
1.770000E+03 1.049563E-02
1.780000E+03 1.149581E-02
1.790000E+03 1.269567E-02
1.800000E+03 1.399536E-02
1.810000E+03 1.549385E-02
1.820000E+03 1.709307E-02
1.830000E+03 1.899180E-02
1.840000E+03 2.109110E-02
1.850000E+03 2.329025E-02
1.860000E+03 2.588964E-02
1.870000E+03 2.888929E-02
1.880000E+03 3.010697E-02
1.890000E+03 3.451239E-02
1.900000E+03 4.081744E-02
1.910000E+03 4.701462E-02
1.920000E+03 5.570690E-02
1.930000E+03 6.528972E-02
1.940000E+03 7.737208E-02
1.950000E+03 9.184347E-02
1.960000E+03 1.079007E-01
1.970000E+03 1.267392E-01
1.980000E+03 1.475584E-01
1.990000E+03 1.695561E-01
2.000000E+03 1.942592E-01
2.010000E+03 2.203708E-01
2.020000E+03 2.456935E-01
2.030000E+03 2.702273E-01
2.040000E+03 2.925076E-01
2.050000E+03 3.108888E-01
2.060000E+03 3.279711E-01
2.070000E+03 3.418542E-01
2.080000E+03 3.539383E-01
2.090000E+03 3.618176E-01
2.100000E+03 3.668996E-01
2.110000E+03 3.708816E-01
2.120000E+03 3.741639E-01
2.130000E+03 3.745481E-01
2.140000E+03 3.752665E-01
2.150000E+03 3.753851E-01
2.160000E+03 3.753040E-01
2.170000E+03 3.741237E-01
2.180000E+03 3.724434E-01
2.190000E+03 3.724247E-01
2.200000E+03 3.711072E-01
2.210000E+03 3.687903E-01
2.220000E+03 3.677732E-01
2.230000E+03 3.657568E-01
2.240000E+03 3.628553E-01
2.250000E+03 3.597549E-01
2.260000E+03 3.570539E-01
2.270000E+03 3.535541E-01
2.280000E+03 3.488554E-01
2.290000E+03 3.445525E-01
2.300000E+03 3.401507E-01
2.310000E+03 3.350490E-01
2.320000E+03 3.285479E-01
2.330000E+03 3.232466E-01
2.340000E+03 3.172678E-01
2.350000E+03 3.103878E-01
2.360000E+03 3.040079E-01
2.370000E+03 2.973257E-01
2.380000E+03 2.899439E-01
2.390000E+03 2.817454E-01
2.400000E+03 2.751462E-01
2.410000E+03 2.675477E-01
2.420000E+03 2.584507E-01
2.430000E+03 2.497531E-01
2.440000E+03 2.418595E-01
2.450000E+03 2.326680E-01
2.460000E+03 2.225753E-01
2.470000E+03 2.128829E-01
2.480000E+03 2.030906E-01
2.490000E+03 1.926957E-01
2.500000E+03 1.826012E-01
2.510000E+03 1.723070E-01
2.520000E+03 1.610136E-01
2.530000E+03 1.499189E-01
2.540000E+03 1.392254E-01
2.550000E+03 1.287306E-01
2.560000E+03 1.183366E-01
2.570000E+03 1.081414E-01
2.580000E+03 9.884650E-02
2.590000E+03 8.985470E-02
2.600000E+03 8.166073E-02
2.610000E+03 7.386700E-02
2.620000E+03 6.677215E-02
2.630000E+03 6.007667E-02
2.640000E+03 5.397932E-02
2.650000E+03 4.858175E-02
2.660000E+03 4.378410E-02
2.670000E+03 3.928597E-02
2.680000E+03 3.558834E-02
2.690000E+03 3.208861E-02
2.700000E+03 2.888929E-02
2.710000E+03 2.588964E-02
2.720000E+03 2.329025E-02
2.730000E+03 2.109110E-02
2.740000E+03 1.899180E-02
2.750000E+03 1.709307E-02
2.760000E+03 1.549385E-02
2.770000E+03 1.399536E-02
2.780000E+03 1.269567E-02
2.790000E+03 1.149581E-02
2.800000E+03 1.049563E-02
2.810000E+03 9.496346E-03
2.820000E+03 8.696738E-03
2.830000E+03 7.896239E-03
2.840000E+03 7.196470E-03
2.850000E+03 6.596542E-03
2.860000E+03 6.097344E-03
2.870000E+03 5.597255E-03
2.880000E+03 5.097165E-03
2.890000E+03 4.697807E-03
2.900000E+03 4.398289E-03
2.910000E+03 3.998931E-03
2.920000E+03 3.698520E-03
2.930000E+03 3.399002E-03
2.940000E+03 3.199323E-03
2.950000E+03 2.898913E-03
2.960000E+03 2.699233E-03
2.970000E+03 2.499554E-03
2.980000E+03 2.398823E-03
2.990000E+03 2.199144E-03
3.000000E+03 1.999465E-03
3.010000E+03 1.899626E-03
3.020000E+03 1.799786E-03
3.030000E+03 1.699055E-03
3.040000E+03 1.599216E-03
3.050000E+03 1.499376E-03
3.060000E+03 1.398645E-03
3.070000E+03 1.298806E-03
3.080000E+03 1.198966E-03
3.090000E+03 1.099126E-03
3.100000E+03 1.099126E-03
3.110000E+03 9.992869E-04
3.120000E+03 9.992869E-04
3.130000E+03 8.994474E-04
3.140000E+03 8.994474E-04
3.150000E+03 7.987164E-04
3.160000E+03 7.987164E-04
3.170000E+03 6.988768E-04
3.180000E+03 6.988768E-04
3.190000E+03 5.990373E-04
3.200000E+03 5.990373E-04
3.210000E+03 5.651632E-04
3.220000E+03 5.321804E-04
3.230000E+03 4.991977E-04
3.240000E+03 4.786950E-04
3.250000E+03 4.590836E-04
3.260000E+03 4.385809E-04
3.270000E+03 4.189695E-04
3.280000E+03 3.993582E-04
3.290000E+03 3.788554E-04
3.300000E+03 3.592441E-04
3.310000E+03 3.396328E-04
3.320000E+03 3.191300E-04
3.330000E+03 2.995186E-04
3.340000E+03 2.995186E-04
3.350000E+03 2.995186E-04
3.360000E+03 2.995186E-04
3.370000E+03 2.995186E-04
3.380000E+03 2.995186E-04
3.390000E+03 2.790159E-04
3.400000E+03 2.594045E-04
3.410000E+03 2.397932E-04
3.420000E+03 2.192904E-04
3.430000E+03 1.996791E-04
3.440000E+03 1.996791E-04
3.450000E+03 1.996791E-04
3.460000E+03 1.996791E-04
3.470000E+03 1.996791E-04
3.480000E+03 1.996791E-04
3.490000E+03 1.996791E-04
3.500000E+03 1.996791E-04
3.510000E+03 1.996791E-04
3.520000E+03 1.996791E-04
3.530000E+03 1.996791E-04
3.540000E+03 1.791763E-04
3.550000E+03 1.595650E-04
3.560000E+03 1.399537E-04
3.570000E+03 1.194509E-04
3.580000E+03 9.983955E-05
3.590000E+03 9.983955E-05
3.600000E+03 9.983955E-05
3.610000E+03 9.983955E-05
3.620000E+03 9.983955E-05
3.630000E+03 9.983955E-05
3.640000E+03 9.983955E-05
3.650000E+03 9.983955E-05
3.660000E+03 9.983955E-05
3.670000E+03 9.983955E-05
3.680000E+03 9.983955E-05
3.690000E+03 9.983955E-05
3.700000E+03 9.983955E-05
3.710000E+03 9.983955E-05
3.720000E+03 9.983955E-05
3.730000E+03 9.983955E-05
3.740000E+03 9.983955E-05
3.750000E+03 9.983955E-05
3.760000E+03 9.983955E-05
3.770000E+03 9.983955E-05
3.780000E+03 9.983955E-05
3.790000E+03 9.983955E-05
3.800000E+03 9.983955E-05
3.810000E+03 9.983955E-05
3.820000E+03 9.983955E-05
3.830000E+03 9.983955E-05
3.840000E+03 9.983955E-05
3.850000E+03 9.983955E-05
3.860000E+03 9.983955E-05
3.870000E+03 9.983955E-05
3.880000E+03 9.983955E-05
3.890000E+03 9.983955E-05
3.900000E+03 9.983955E-05
3.910000E+03 9.983955E-05
3.920000E+03 9.983955E-05
3.930000E+03 9.983955E-05
3.940000E+03 9.983955E-05
3.950000E+03 9.983955E-05
3.960000E+03 9.983955E-05
3.970000E+03 9.983955E-05
3.980000E+03 9.983955E-05
3.990000E+03 9.983955E-05
4.000000E+03 9.983955E-05
4.010000E+03 9.983955E-05
4.020000E+03 9.983955E-05
4.030000E+03 9.983955E-05
4.040000E+03 9.983955E-05
4.050000E+03 9.983955E-05
4.060000E+03 9.983955E-05
4.070000E+03 9.983955E-05
4.080000E+03 9.983955E-05
4.090000E+03 9.983955E-05
4.100000E+03 9.983955E-05
4.110000E+03 9.983955E-05
4.120000E+03 9.983955E-05
4.130000E+03 9.983955E-05
4.140000E+03 9.983955E-05
4.150000E+03 9.983955E-05
4.160000E+03 9.983955E-05
4.170000E+03 9.983955E-05
4.180000E+03 9.983955E-05
4.190000E+03 9.983955E-05
4.200000E+03 9.983955E-05
4.210000E+03 9.983955E-05
4.220000E+03 9.983955E-05
4.230000E+03 9.983955E-05
4.240000E+03 9.983955E-05
4.250000E+03 9.983955E-05
4.260000E+03 9.983955E-05
4.270000E+03 9.983955E-05
4.280000E+03 9.983955E-05
4.290000E+03 9.983955E-05
4.300000E+03 9.983955E-05
4.310000E+03 9.983955E-05
4.320000E+03 9.983955E-05
4.330000E+03 9.983955E-05
4.340000E+03 9.983955E-05
4.350000E+03 9.983955E-05
4.360000E+03 9.983955E-05
4.370000E+03 9.983955E-05
4.380000E+03 9.983955E-05
4.390000E+03 9.983955E-05
4.400000E+03 9.983955E-05
4.410000E+03 9.983955E-05
4.420000E+03 9.983955E-05
4.430000E+03 9.983955E-05
4.440000E+03 9.983955E-05
4.450000E+03 9.983955E-05
4.460000E+03 9.983955E-05
4.470000E+03 9.983955E-05
4.480000E+03 9.983955E-05
4.490000E+03 9.983955E-05
4.500000E+03 9.983955E-05
4.510000E+03 9.983955E-05
4.520000E+03 9.983955E-05
4.530000E+03 9.983955E-05
4.540000E+03 9.983955E-05
4.550000E+03 9.983955E-05
4.560000E+03 9.983955E-05
4.570000E+03 9.983955E-05
4.580000E+03 9.983955E-05
4.590000E+03 9.983955E-05
4.600000E+03 9.983955E-05
4.610000E+03 9.983955E-05
4.620000E+03 9.983955E-05
4.630000E+03 9.983955E-05
4.640000E+03 9.983955E-05
4.650000E+03 9.983955E-05
4.660000E+03 9.983955E-05
4.670000E+03 9.983955E-05
4.680000E+03 9.983955E-05
4.690000E+03 9.983955E-05
4.700000E+03 9.983955E-05
4.710000E+03 9.983955E-05
4.720000E+03 9.983955E-05
4.730000E+03 9.983955E-05
4.740000E+03 9.983955E-05
4.750000E+03 9.983955E-05
4.760000E+03 9.983955E-05
4.770000E+03 9.983955E-05
4.780000E+03 9.983955E-05
4.790000E+03 9.983955E-05
4.800000E+03 9.983955E-05
4.810000E+03 9.983955E-05
4.820000E+03 9.983955E-05
4.830000E+03 9.983955E-05
4.840000E+03 9.983955E-05
4.850000E+03 9.983955E-05
4.860000E+03 9.983955E-05
4.870000E+03 9.983955E-05
4.880000E+03 9.983955E-05
4.890000E+03 9.983955E-05
4.900000E+03 9.983955E-05
4.910000E+03 9.983955E-05
4.920000E+03 9.983955E-05
4.930000E+03 9.983955E-05
4.940000E+03 9.983955E-05
4.950000E+03 9.983955E-05
4.960000E+03 9.983955E-05
4.970000E+03 9.983955E-05
4.980000E+03 9.983955E-05
4.990000E+03 9.983955E-05
5.000000E+03 9.983955E-05
5.010000E+03 9.983955E-05
5.020000E+03 9.983955E-05
5.030000E+03 9.983955E-05
5.040000E+03 9.983955E-05
5.050000E+03 9.983955E-05
5.060000E+03 9.983955E-05
5.070000E+03 9.983955E-05
5.080000E+03 9.983955E-05
5.090000E+03 9.983955E-05
5.100000E+03 9.983955E-05
5.110000E+03 9.983955E-05
5.120000E+03 9.983955E-05
5.130000E+03 9.983955E-05
5.140000E+03 9.983955E-05
5.150000E+03 9.983955E-05
5.160000E+03 9.983955E-05
5.170000E+03 9.983955E-05
5.180000E+03 9.983955E-05
5.190000E+03 9.983955E-05
5.200000E+03 9.983955E-05
5.210000E+03 9.983955E-05
5.220000E+03 9.983955E-05
5.230000E+03 9.983955E-05
5.240000E+03 9.983955E-05
5.250000E+03 9.983955E-05
5.260000E+03 9.983955E-05
5.270000E+03 9.983955E-05
5.280000E+03 9.983955E-05
5.290000E+03 9.983955E-05
5.300000E+03 9.983955E-05
5.310000E+03 9.983955E-05
5.320000E+03 9.983955E-05
5.330000E+03 9.983955E-05
5.340000E+03 9.983955E-05
5.350000E+03 9.983955E-05
5.360000E+03 9.983955E-05
5.370000E+03 9.983955E-05
5.380000E+03 9.983955E-05
5.390000E+03 9.983955E-05
5.400000E+03 9.983955E-05
5.410000E+03 9.983955E-05
5.420000E+03 9.983955E-05
5.430000E+03 9.983955E-05
5.440000E+03 9.983955E-05
5.450000E+03 9.983955E-05
5.460000E+03 9.983955E-05
5.470000E+03 9.983955E-05
5.480000E+03 9.983955E-05
5.490000E+03 9.983955E-05
5.500000E+03 9.983955E-05
5.510000E+03 9.983955E-05
5.520000E+03 9.983955E-05
5.530000E+03 9.983955E-05
5.540000E+03 9.983955E-05
5.550000E+03 9.983955E-05
5.560000E+03 9.983955E-05
5.570000E+03 9.983955E-05
5.580000E+03 9.983955E-05
5.590000E+03 9.983955E-05
5.600000E+03 9.983955E-05
5.610000E+03 9.983955E-05
5.620000E+03 9.983955E-05
5.630000E+03 9.983955E-05
5.640000E+03 9.983955E-05
5.650000E+03 9.983955E-05
5.660000E+03 9.983955E-05
5.670000E+03 9.983955E-05
5.680000E+03 9.983955E-05
5.690000E+03 9.983955E-05
5.700000E+03 9.983955E-05
5.710000E+03 9.983955E-05
5.720000E+03 9.983955E-05
5.730000E+03 9.983955E-05
5.740000E+03 9.983955E-05
5.750000E+03 9.983955E-05
5.760000E+03 9.983955E-05
5.770000E+03 9.983955E-05
5.780000E+03 9.983955E-05
5.790000E+03 9.983955E-05
5.800000E+03 9.983955E-05
5.810000E+03 9.983955E-05
5.820000E+03 9.983955E-05
5.830000E+03 9.983955E-05
5.840000E+03 9.983955E-05
5.850000E+03 9.983955E-05
5.860000E+03 9.983955E-05
5.870000E+03 9.983955E-05
5.880000E+03 9.983955E-05
5.890000E+03 9.983955E-05
5.900000E+03 9.983955E-05
5.910000E+03 9.983955E-05
5.920000E+03 9.983955E-05
5.930000E+03 9.983955E-05
5.940000E+03 9.983955E-05
5.950000E+03 9.983955E-05
5.960000E+03 9.983955E-05
5.970000E+03 9.983955E-05
5.980000E+03 9.983955E-05
5.990000E+03 9.983955E-05
6.000000E+03 9.983955E-05
6.010000E+03 9.983955E-05
6.020000E+03 9.983955E-05
6.030000E+03 9.983955E-05
6.040000E+03 9.983955E-05
6.050000E+03 9.983955E-05
6.060000E+03 9.983955E-05
6.070000E+03 9.983955E-05
6.080000E+03 9.983955E-05
6.090000E+03 9.983955E-05
6.100000E+03 9.983955E-05
6.110000E+03 9.983955E-05
6.120000E+03 9.983955E-05
6.130000E+03 9.983955E-05
6.140000E+03 9.983955E-05
6.150000E+03 9.983955E-05
6.160000E+03 9.983955E-05
6.170000E+03 9.983955E-05
6.180000E+03 9.983955E-05
6.190000E+03 9.983955E-05
6.200000E+03 9.983955E-05
6.210000E+03 9.983955E-05
6.220000E+03 9.983955E-05
6.230000E+03 9.983955E-05
6.240000E+03 9.983955E-05
6.250000E+03 9.983955E-05
6.260000E+03 9.983955E-05
6.270000E+03 9.983955E-05
6.280000E+03 9.983955E-05
6.290000E+03 9.983955E-05
6.300000E+03 9.983955E-05
6.310000E+03 9.983955E-05
6.320000E+03 9.983955E-05
6.330000E+03 9.983955E-05
6.340000E+03 9.983955E-05
6.350000E+03 9.983955E-05
6.360000E+03 9.983955E-05
6.370000E+03 9.983955E-05
6.380000E+03 9.983955E-05
6.390000E+03 9.983955E-05
6.400000E+03 9.983955E-05
6.410000E+03 9.983955E-05
6.420000E+03 9.983955E-05
6.430000E+03 9.983955E-05
6.440000E+03 9.983955E-05
6.450000E+03 9.983955E-05
6.460000E+03 9.983955E-05
6.470000E+03 9.983955E-05
6.480000E+03 9.983955E-05
6.490000E+03 9.983955E-05
6.500000E+03 9.983955E-05
6.510000E+03 9.983955E-05
6.520000E+03 9.983955E-05
6.530000E+03 9.983955E-05
6.540000E+03 9.983955E-05
6.550000E+03 9.983955E-05
6.560000E+03 9.983955E-05
6.570000E+03 9.983955E-05
6.580000E+03 9.983955E-05
6.590000E+03 9.983955E-05
6.600000E+03 9.983955E-05
6.610000E+03 9.983955E-05
6.620000E+03 9.983955E-05
6.630000E+03 9.983955E-05
6.640000E+03 9.983955E-05
6.650000E+03 9.983955E-05
6.660000E+03 9.983955E-05
6.670000E+03 9.983955E-05
6.680000E+03 9.983955E-05
6.690000E+03 9.983955E-05
6.700000E+03 9.983955E-05
6.710000E+03 9.983955E-05
6.720000E+03 9.983955E-05
6.730000E+03 9.983955E-05
6.740000E+03 9.983955E-05
6.750000E+03 9.983955E-05
6.760000E+03 9.983955E-05
6.770000E+03 9.983955E-05
6.780000E+03 9.983955E-05
6.790000E+03 9.983955E-05
6.800000E+03 9.983955E-05
6.810000E+03 9.983955E-05
6.820000E+03 9.983955E-05
6.830000E+03 9.983955E-05
6.840000E+03 9.983955E-05
6.850000E+03 9.983955E-05
6.860000E+03 9.983955E-05
6.870000E+03 9.983955E-05
6.880000E+03 9.983955E-05
6.890000E+03 9.983955E-05
6.900000E+03 9.983955E-05
6.910000E+03 9.983955E-05
6.920000E+03 9.983955E-05
6.930000E+03 9.983955E-05
6.940000E+03 9.983955E-05
6.950000E+03 9.983955E-05
6.960000E+03 9.983955E-05
6.970000E+03 9.983955E-05
6.980000E+03 9.983955E-05
6.990000E+03 9.983955E-05
7.000000E+03 9.983955E-05
7.010000E+03 0.000000E+00
7.020000E+03 0.000000E+00
7.030000E+03 0.000000E+00
7.040000E+03 0.000000E+00
7.050000E+03 0.000000E+00
7.060000E+03 0.000000E+00
7.070000E+03 0.000000E+00
7.080000E+03 0.000000E+00
7.090000E+03 0.000000E+00
7.100000E+03 0.000000E+00
7.110000E+03 0.000000E+00
7.120000E+03 0.000000E+00
7.130000E+03 0.000000E+00
7.140000E+03 0.000000E+00
7.150000E+03 0.000000E+00
7.160000E+03 0.000000E+00
7.170000E+03 0.000000E+00
7.180000E+03 0.000000E+00
7.190000E+03 0.000000E+00
7.200000E+03 0.000000E+00
7.210000E+03 0.000000E+00
7.220000E+03 0.000000E+00
7.230000E+03 0.000000E+00
7.240000E+03 0.000000E+00
7.250000E+03 0.000000E+00
7.260000E+03 0.000000E+00
7.270000E+03 0.000000E+00
7.280000E+03 0.000000E+00
7.290000E+03 0.000000E+00
7.300000E+03 0.000000E+00
7.310000E+03 0.000000E+00
7.320000E+03 0.000000E+00
7.330000E+03 0.000000E+00
7.340000E+03 0.000000E+00
7.350000E+03 0.000000E+00
7.360000E+03 0.000000E+00
7.370000E+03 0.000000E+00
7.380000E+03 0.000000E+00
7.390000E+03 0.000000E+00
7.400000E+03 0.000000E+00
7.410000E+03 0.000000E+00
7.420000E+03 0.000000E+00
7.430000E+03 0.000000E+00
7.440000E+03 0.000000E+00
7.450000E+03 0.000000E+00
7.460000E+03 0.000000E+00
7.470000E+03 0.000000E+00
7.480000E+03 0.000000E+00
7.490000E+03 0.000000E+00
7.500000E+03 0.000000E+00
7.510000E+03 0.000000E+00
7.520000E+03 0.000000E+00
7.530000E+03 0.000000E+00
7.540000E+03 0.000000E+00
7.550000E+03 0.000000E+00
7.560000E+03 0.000000E+00
7.570000E+03 0.000000E+00
7.580000E+03 0.000000E+00
7.590000E+03 0.000000E+00
7.600000E+03 0.000000E+00
7.610000E+03 0.000000E+00
7.620000E+03 0.000000E+00
7.630000E+03 0.000000E+00
7.640000E+03 0.000000E+00
7.650000E+03 0.000000E+00
7.660000E+03 0.000000E+00
7.670000E+03 0.000000E+00
7.680000E+03 0.000000E+00
7.690000E+03 0.000000E+00
7.700000E+03 0.000000E+00
7.710000E+03 0.000000E+00
7.720000E+03 0.000000E+00
7.730000E+03 0.000000E+00
7.740000E+03 0.000000E+00
7.750000E+03 0.000000E+00
7.760000E+03 0.000000E+00
7.770000E+03 0.000000E+00
7.780000E+03 0.000000E+00
7.790000E+03 0.000000E+00
7.800000E+03 0.000000E+00
7.810000E+03 0.000000E+00
7.820000E+03 0.000000E+00
7.830000E+03 0.000000E+00
7.840000E+03 0.000000E+00
7.850000E+03 0.000000E+00
7.860000E+03 0.000000E+00
7.870000E+03 0.000000E+00
7.880000E+03 0.000000E+00
7.890000E+03 0.000000E+00
7.900000E+03 0.000000E+00
7.910000E+03 0.000000E+00
7.920000E+03 0.000000E+00
7.930000E+03 0.000000E+00
7.940000E+03 0.000000E+00
7.950000E+03 0.000000E+00
7.960000E+03 0.000000E+00
7.970000E+03 0.000000E+00
7.980000E+03 0.000000E+00
7.990000E+03 0.000000E+00
8.000000E+03 0.000000E+00
