1.600000E+03 1.756579E-02
1.610000E+03 1.796492E-02
1.620000E+03 1.836406E-02
1.630000E+03 1.876319E-02
1.640000E+03 1.916232E-02
1.650000E+03 1.966074E-02
1.660000E+03 2.016015E-02
1.670000E+03 2.055928E-02
1.680000E+03 2.115699E-02
1.690000E+03 2.165441E-02
1.700000E+03 2.215283E-02
1.710000E+03 2.265026E-02
1.720000E+03 2.324796E-02
1.730000E+03 2.384468E-02
1.740000E+03 2.454167E-02
1.750000E+03 2.513937E-02
1.760000E+03 2.583537E-02
1.770000E+03 2.653236E-02
1.780000E+03 2.723134E-02
1.790000E+03 2.803060E-02
1.800000E+03 2.873057E-02
1.810000E+03 2.952983E-02
1.820000E+03 3.042837E-02
1.830000E+03 3.123061E-02
1.840000E+03 3.213213E-02
1.850000E+03 3.313294E-02
1.860000E+03 3.413474E-02
1.870000E+03 3.503726E-02
1.880000E+03 3.613338E-02
1.890000E+03 3.882504E-02
1.900000E+03 3.981493E-02
1.910000E+03 4.050199E-02
1.920000E+03 4.199030E-02
1.930000E+03 4.307650E-02
1.940000E+03 4.466707E-02
1.950000E+03 4.605609E-02
1.960000E+03 4.774495E-02
1.970000E+03 4.953112E-02
1.980000E+03 5.161515E-02
1.990000E+03 5.332288E-02
2.000000E+03 5.543073E-02
2.010000E+03 5.763986E-02
2.020000E+03 5.984899E-02
2.030000E+03 6.246022E-02
2.040000E+03 6.525713E-02
2.050000E+03 6.795375E-02
2.060000E+03 7.125007E-02
2.070000E+03 7.454639E-02
2.080000E+03 7.824183E-02
2.090000E+03 8.223514E-02
2.100000E+03 8.652830E-02
2.110000E+03 9.122157E-02
2.120000E+03 9.601315E-02
2.130000E+03 1.015037E-01
2.140000E+03 1.070042E-01
2.150000E+03 1.131044E-01
2.160000E+03 1.197049E-01
2.170000E+03 1.269052E-01
2.180000E+03 1.341064E-01
2.190000E+03 1.412948E-01
2.200000E+03 1.494810E-01
2.210000E+03 1.583661E-01
2.220000E+03 1.676504E-01
2.230000E+03 1.776327E-01
2.240000E+03 1.878205E-01
2.250000E+03 1.985087E-01
2.260000E+03 2.096953E-01
2.270000E+03 2.210825E-01
2.280000E+03 2.329681E-01
2.290000E+03 2.450483E-01
2.300000E+03 2.570292E-01
2.310000E+03 2.690102E-01
2.320000E+03 2.814915E-01
2.330000E+03 2.935727E-01
2.340000E+03 3.043771E-01
2.350000E+03 3.156828E-01
2.360000E+03 3.269896E-01
2.370000E+03 3.375994E-01
2.380000E+03 3.475111E-01
2.390000E+03 3.565025E-01
2.400000E+03 3.651941E-01
2.410000E+03 3.725860E-01
2.420000E+03 3.793782E-01
2.430000E+03 3.852708E-01
2.440000E+03 3.903722E-01
2.450000E+03 3.946733E-01
2.460000E+03 3.981751E-01
2.470000E+03 4.005779E-01
2.480000E+03 4.025805E-01
2.490000E+03 4.039804E-01
2.500000E+03 4.045801E-01
2.510000E+03 4.047797E-01
2.520000E+03 4.043795E-01
2.530000E+03 4.037798E-01
2.540000E+03 4.022806E-01
2.550000E+03 4.010812E-01
2.560000E+03 3.990826E-01
2.570000E+03 3.970840E-01
2.580000E+03 3.947855E-01
2.590000E+03 3.923986E-01
2.600000E+03 3.896116E-01
2.610000E+03 3.868247E-01
2.620000E+03 3.837369E-01
2.630000E+03 3.805498E-01
2.640000E+03 3.770549E-01
2.650000E+03 3.737605E-01
2.660000E+03 3.700651E-01
2.670000E+03 3.661701E-01
2.680000E+03 3.628748E-01
2.690000E+03 3.585697E-01
2.700000E+03 3.543639E-01
2.710000E+03 3.499585E-01
2.720000E+03 3.453536E-01
2.730000E+03 3.405492E-01
2.740000E+03 3.356573E-01
2.750000E+03 3.304666E-01
2.760000E+03 3.245749E-01
2.770000E+03 3.194835E-01
2.780000E+03 3.136921E-01
2.790000E+03 3.077876E-01
2.800000E+03 3.018840E-01
2.810000E+03 2.955803E-01
2.820000E+03 2.890770E-01
2.830000E+03 2.826740E-01
2.840000E+03 2.758748E-01
2.850000E+03 2.690747E-01
2.860000E+03 2.621753E-01
2.870000E+03 2.551766E-01
2.880000E+03 2.486773E-01
2.890000E+03 2.416905E-01
2.900000E+03 2.346024E-01
2.910000E+03 2.275143E-01
2.920000E+03 2.205265E-01
2.930000E+03 2.136370E-01
2.940000E+03 2.065370E-01
2.950000E+03 1.995373E-01
2.960000E+03 1.926379E-01
2.970000E+03 1.860383E-01
2.980000E+03 1.795380E-01
2.990000E+03 1.730407E-01
3.000000E+03 1.668422E-01
3.010000E+03 1.609446E-01
3.020000E+03 1.549467E-01
3.030000E+03 1.490491E-01
3.040000E+03 1.436350E-01
3.050000E+03 1.381216E-01
3.060000E+03 1.327105E-01
3.070000E+03 1.276002E-01
3.080000E+03 1.227898E-01
3.090000E+03 1.181938E-01
3.100000E+03 1.135988E-01
3.110000E+03 1.094019E-01
3.120000E+03 1.056052E-01
3.130000E+03 1.014094E-01
3.140000E+03 9.759181E-02
3.150000E+03 9.387650E-02
3.160000E+03 9.036274E-02
3.170000E+03 8.694927E-02
3.180000E+03 8.363707E-02
3.190000E+03 8.064457E-02
3.200000E+03 7.585598E-02
3.210000E+03 7.316233E-02
3.220000E+03 7.046868E-02
3.230000E+03 6.797460E-02
3.240000E+03 6.556988E-02
3.250000E+03 6.326544E-02
3.260000E+03 6.096199E-02
3.270000E+03 5.885811E-02
3.280000E+03 5.685549E-02
3.290000E+03 5.496806E-02
3.300000E+03 5.298034E-02
3.310000E+03 5.129147E-02
3.320000E+03 4.960161E-02
3.330000E+03 4.801104E-02
3.340000E+03 4.641253E-02
3.350000E+03 4.491231E-02
3.360000E+03 4.351336E-02
3.370000E+03 4.211342E-02
3.380000E+03 4.081475E-02
3.390000E+03 3.952005E-02
3.400000E+03 3.832464E-02
3.410000E+03 3.722851E-02
3.420000E+03 3.613338E-02
3.430000E+03 3.503726E-02
3.440000E+03 3.413474E-02
3.450000E+03 3.313294E-02
3.460000E+03 3.213213E-02
3.470000E+03 3.123061E-02
3.480000E+03 3.042837E-02
3.490000E+03 2.952983E-02
3.500000E+03 2.873057E-02
3.510000E+03 2.803060E-02
3.520000E+03 2.723134E-02
3.530000E+03 2.653236E-02
3.540000E+03 2.583537E-02
3.550000E+03 2.513937E-02
3.560000E+03 2.454167E-02
3.570000E+03 2.384468E-02
3.580000E+03 2.324796E-02
3.590000E+03 2.265026E-02
3.600000E+03 2.215283E-02
3.610000E+03 2.165441E-02
3.620000E+03 2.115699E-02
3.630000E+03 2.055928E-02
3.640000E+03 2.016015E-02
3.650000E+03 1.966074E-02
3.660000E+03 1.916232E-02
3.670000E+03 1.876319E-02
3.680000E+03 1.836406E-02
3.690000E+03 1.796492E-02
3.700000E+03 1.756579E-02
3.710000E+03 1.716666E-02
3.720000E+03 1.676753E-02
3.730000E+03 1.646768E-02
3.740000E+03 1.606756E-02
3.750000E+03 1.576771E-02
3.760000E+03 1.536758E-02
3.770000E+03 1.516703E-02
3.780000E+03 1.486619E-02
3.790000E+03 1.446705E-02
3.800000E+03 1.416622E-02
3.810000E+03 1.386637E-02
3.820000E+03 1.356652E-02
3.830000E+03 1.336597E-02
3.840000E+03 1.306711E-02
3.850000E+03 1.286755E-02
3.860000E+03 1.256869E-02
3.870000E+03 1.236913E-02
3.880000E+03 1.217055E-02
3.890000E+03 1.197000E-02
3.900000E+03 1.167114E-02
3.910000E+03 1.147058E-02
3.920000E+03 1.127102E-02
3.930000E+03 1.107145E-02
3.940000E+03 1.087189E-02
3.950000E+03 1.067232E-02
3.960000E+03 1.047275E-02
3.970000E+03 1.027418E-02
3.980000E+03 1.017390E-02
3.990000E+03 9.975327E-03
4.000000E+03 9.775761E-03
4.010000E+03 9.676475E-03
4.020000E+03 9.543431E-03
4.030000E+03 9.411379E-03
4.040000E+03 9.278335E-03
4.050000E+03 9.111534E-03
4.060000E+03 8.945725E-03
4.070000E+03 8.778924E-03
4.080000E+03 8.645880E-03
4.090000E+03 8.512835E-03
4.100000E+03 8.379791E-03
4.110000E+03 8.246747E-03
4.120000E+03 8.113703E-03
4.130000E+03 7.980659E-03
4.140000E+03 7.881373E-03
4.150000E+03 7.781093E-03
4.160000E+03 7.680813E-03
4.170000E+03 7.581527E-03
4.180000E+03 7.481247E-03
4.190000E+03 7.381961E-03
4.200000E+03 7.248917E-03
4.210000E+03 7.115873E-03
4.220000E+03 6.983821E-03
4.230000E+03 6.916307E-03
4.240000E+03 6.849784E-03
4.250000E+03 6.783262E-03
4.260000E+03 6.682983E-03
4.270000E+03 6.582703E-03
4.280000E+03 6.482424E-03
4.290000E+03 6.383137E-03
4.300000E+03 6.283851E-03
4.310000E+03 6.185557E-03
4.320000E+03 6.119035E-03
4.330000E+03 6.053506E-03
4.340000E+03 5.986984E-03
4.350000E+03 5.887697E-03
4.360000E+03 5.787418E-03
4.370000E+03 5.688131E-03
4.380000E+03 5.621609E-03
4.390000E+03 5.555087E-03
4.400000E+03 5.488565E-03
4.410000E+03 5.422043E-03
4.420000E+03 5.356513E-03
4.430000E+03 5.289991E-03
4.440000E+03 5.223470E-03
4.450000E+03 5.155955E-03
4.460000E+03 5.089433E-03
4.470000E+03 5.022910E-03
4.480000E+03 4.955396E-03
4.490000E+03 4.888873E-03
4.500000E+03 4.855116E-03
4.510000E+03 4.821359E-03
4.520000E+03 4.787601E-03
4.530000E+03 4.722072E-03
4.540000E+03 4.655550E-03
4.550000E+03 4.589028E-03
4.560000E+03 4.522506E-03
4.570000E+03 4.455984E-03
4.580000E+03 4.390455E-03
4.590000E+03 4.356697E-03
4.600000E+03 4.323933E-03
4.610000E+03 4.290175E-03
4.620000E+03 4.257411E-03
4.630000E+03 4.223653E-03
4.640000E+03 4.189896E-03
4.650000E+03 4.124366E-03
4.660000E+03 4.057845E-03
4.670000E+03 3.991322E-03
4.680000E+03 3.957565E-03
4.690000E+03 3.924800E-03
4.700000E+03 3.892036E-03
4.710000E+03 3.858278E-03
4.720000E+03 3.825514E-03
4.730000E+03 3.792749E-03
4.740000E+03 3.745092E-03
4.750000E+03 3.697434E-03
4.760000E+03 3.649776E-03
4.770000E+03 3.597155E-03
4.780000E+03 3.545526E-03
4.790000E+03 3.492904E-03
4.800000E+03 3.459146E-03
4.810000E+03 3.426382E-03
4.820000E+03 3.393617E-03
4.830000E+03 3.359859E-03
4.840000E+03 3.327095E-03
4.850000E+03 3.293337E-03
4.860000E+03 3.260573E-03
4.870000E+03 3.226815E-03
4.880000E+03 3.194051E-03
4.890000E+03 3.160293E-03
4.900000E+03 3.126536E-03
4.910000E+03 3.092778E-03
4.920000E+03 3.060014E-03
4.930000E+03 3.026256E-03
4.940000E+03 2.993492E-03
4.950000E+03 2.993492E-03
4.960000E+03 2.993492E-03
4.970000E+03 2.993492E-03
4.980000E+03 2.960727E-03
4.990000E+03 2.926970E-03
5.000000E+03 2.894205E-03
5.010000E+03 2.860448E-03
5.020000E+03 2.827683E-03
5.030000E+03 2.793926E-03
5.040000E+03 2.761161E-03
5.050000E+03 2.727404E-03
5.060000E+03 2.694639E-03
5.070000E+03 2.694639E-03
5.080000E+03 2.694639E-03
5.090000E+03 2.694639E-03
5.100000E+03 2.661875E-03
5.110000E+03 2.628117E-03
5.120000E+03 2.595352E-03
5.130000E+03 2.561595E-03
5.140000E+03 2.527837E-03
5.150000E+03 2.495073E-03
5.160000E+03 2.495073E-03
5.170000E+03 2.495073E-03
5.180000E+03 2.494080E-03
5.190000E+03 2.461316E-03
5.200000E+03 2.428551E-03
5.210000E+03 2.394793E-03
5.220000E+03 2.362029E-03
5.230000E+03 2.328271E-03
5.240000E+03 2.295507E-03
5.250000E+03 2.295507E-03
5.260000E+03 2.295507E-03
5.270000E+03 2.295507E-03
5.280000E+03 2.261749E-03
5.290000E+03 2.228985E-03
5.300000E+03 2.195227E-03
5.310000E+03 2.195227E-03
5.320000E+03 2.195227E-03
5.330000E+03 2.195227E-03
5.340000E+03 2.162463E-03
5.350000E+03 2.128705E-03
5.360000E+03 2.095941E-03
5.370000E+03 2.095941E-03
5.380000E+03 2.095941E-03
5.390000E+03 2.095941E-03
5.400000E+03 2.062183E-03
5.410000E+03 2.029419E-03
5.420000E+03 1.995661E-03
5.430000E+03 1.995661E-03
5.440000E+03 1.995661E-03
5.450000E+03 1.996654E-03
5.460000E+03 1.996654E-03
5.470000E+03 1.996654E-03
5.480000E+03 1.996654E-03
5.490000E+03 1.963890E-03
5.500000E+03 1.930132E-03
5.510000E+03 1.897367E-03
5.520000E+03 1.897367E-03
5.530000E+03 1.897367E-03
5.540000E+03 1.897367E-03
5.550000E+03 1.897367E-03
5.560000E+03 1.896375E-03
5.570000E+03 1.896375E-03
5.580000E+03 1.863610E-03
5.590000E+03 1.829853E-03
5.600000E+03 1.797088E-03
5.610000E+03 1.797088E-03
5.620000E+03 1.797088E-03
5.630000E+03 1.797088E-03
5.640000E+03 1.763330E-03
5.650000E+03 1.730566E-03
5.660000E+03 1.696808E-03
5.670000E+03 1.696808E-03
5.680000E+03 1.696808E-03
5.690000E+03 1.696808E-03
5.700000E+03 1.696808E-03
5.710000E+03 1.696808E-03
5.720000E+03 1.696808E-03
5.730000E+03 1.664044E-03
5.740000E+03 1.630286E-03
5.750000E+03 1.597522E-03
5.760000E+03 1.597522E-03
5.770000E+03 1.597522E-03
5.780000E+03 1.597522E-03
5.790000E+03 1.596529E-03
5.800000E+03 1.596529E-03
5.810000E+03 1.596529E-03
5.820000E+03 1.596529E-03
5.830000E+03 1.596529E-03
5.840000E+03 1.596529E-03
5.850000E+03 1.563764E-03
5.860000E+03 1.530007E-03
5.870000E+03 1.497242E-03
5.880000E+03 1.497242E-03
5.890000E+03 1.497242E-03
5.900000E+03 1.497242E-03
5.910000E+03 1.497242E-03
5.920000E+03 1.497242E-03
5.930000E+03 1.497242E-03
5.940000E+03 1.463485E-03
5.950000E+03 1.430720E-03
5.960000E+03 1.396963E-03
5.970000E+03 1.397956E-03
5.980000E+03 1.397956E-03
5.990000E+03 1.397956E-03
6.000000E+03 1.397956E-03
6.010000E+03 1.397956E-03
6.020000E+03 1.397956E-03
6.030000E+03 1.397956E-03
6.040000E+03 1.397956E-03
6.050000E+03 1.397956E-03
6.060000E+03 1.397956E-03
6.070000E+03 1.397956E-03
6.080000E+03 1.397956E-03
6.090000E+03 1.364198E-03
6.100000E+03 1.331434E-03
6.110000E+03 1.297676E-03
6.120000E+03 1.297676E-03
6.130000E+03 1.297676E-03
6.140000E+03 1.297676E-03
6.150000E+03 1.297676E-03
6.160000E+03 1.297676E-03
6.170000E+03 1.297676E-03
6.180000E+03 1.297676E-03
6.190000E+03 1.297676E-03
6.200000E+03 1.297676E-03
6.210000E+03 1.297676E-03
6.220000E+03 1.297676E-03
6.230000E+03 1.297676E-03
6.240000E+03 1.297676E-03
6.250000E+03 1.297676E-03
6.260000E+03 1.297676E-03
6.270000E+03 1.264912E-03
6.280000E+03 1.231154E-03
6.290000E+03 1.198390E-03
6.300000E+03 1.198390E-03
6.310000E+03 1.197397E-03
6.320000E+03 1.197397E-03
6.330000E+03 1.197397E-03
6.340000E+03 1.197397E-03
6.350000E+03 1.197397E-03
6.360000E+03 1.198390E-03
6.370000E+03 1.198390E-03
6.380000E+03 1.198390E-03
6.390000E+03 1.198390E-03
6.400000E+03 1.198390E-03
6.410000E+03 1.198390E-03
6.420000E+03 1.198390E-03
6.430000E+03 1.198390E-03
6.440000E+03 1.198390E-03
6.450000E+03 1.198390E-03
6.460000E+03 1.198390E-03
6.470000E+03 1.198390E-03
6.480000E+03 1.198390E-03
6.490000E+03 1.198390E-03
6.500000E+03 1.198390E-03
6.510000E+03 1.164632E-03
6.520000E+03 1.131868E-03
6.530000E+03 1.099103E-03
6.540000E+03 1.098110E-03
6.550000E+03 1.098110E-03
6.560000E+03 1.098110E-03
6.570000E+03 1.098110E-03
6.580000E+03 1.098110E-03
6.590000E+03 1.098110E-03
6.600000E+03 1.098110E-03
6.610000E+03 1.098110E-03
6.620000E+03 1.098110E-03
6.630000E+03 1.098110E-03
6.640000E+03 1.098110E-03
6.650000E+03 1.098110E-03
6.660000E+03 1.098110E-03
6.670000E+03 1.098110E-03
6.680000E+03 1.098110E-03
6.690000E+03 1.098110E-03
6.700000E+03 1.098110E-03
6.710000E+03 1.098110E-03
6.720000E+03 1.098110E-03
6.730000E+03 1.098110E-03
6.740000E+03 1.098110E-03
6.750000E+03 1.098110E-03
6.760000E+03 1.098110E-03
6.770000E+03 1.099103E-03
6.780000E+03 1.098110E-03
6.790000E+03 1.098110E-03
6.800000E+03 1.098110E-03
6.810000E+03 1.065346E-03
6.820000E+03 1.031588E-03
6.830000E+03 9.988236E-04
6.840000E+03 1.031588E-03
6.850000E+03 1.065346E-03
6.860000E+03 1.099103E-03
6.870000E+03 1.065346E-03
6.880000E+03 1.032581E-03
6.890000E+03 9.988236E-04
6.900000E+03 9.988236E-04
6.910000E+03 9.988236E-04
6.920000E+03 9.988236E-04
6.930000E+03 9.988236E-04
6.940000E+03 9.988236E-04
6.950000E+03 9.988236E-04
6.960000E+03 9.988236E-04
6.970000E+03 9.988236E-04
6.980000E+03 9.988236E-04
6.990000E+03 9.988236E-04
7.000000E+03 9.988236E-04
7.010000E+03 9.928663E-04
7.020000E+03 9.928663E-04
7.030000E+03 9.928663E-04
7.040000E+03 9.928663E-04
7.050000E+03 9.928663E-04
7.060000E+03 9.928663E-04
7.070000E+03 9.928663E-04
7.080000E+03 9.928663E-04
7.090000E+03 9.928663E-04
7.100000E+03 9.928663E-04
7.110000E+03 9.928663E-04
7.120000E+03 9.928663E-04
7.130000E+03 9.928663E-04
7.140000E+03 9.928663E-04
7.150000E+03 9.928663E-04
7.160000E+03 9.928663E-04
7.170000E+03 9.928663E-04
7.180000E+03 9.928663E-04
7.190000E+03 9.928663E-04
7.200000E+03 9.928663E-04
7.210000E+03 9.928663E-04
7.220000E+03 9.928663E-04
7.230000E+03 1.025962E-03
7.240000E+03 1.059057E-03
7.250000E+03 1.092153E-03
7.260000E+03 1.092153E-03
7.270000E+03 1.092153E-03
7.280000E+03 1.092153E-03
7.290000E+03 1.092153E-03
7.300000E+03 1.092153E-03
7.310000E+03 1.092153E-03
7.320000E+03 1.092153E-03
7.330000E+03 1.092153E-03
7.340000E+03 1.092153E-03
7.350000E+03 1.092153E-03
7.360000E+03 1.092153E-03
7.370000E+03 1.092153E-03
7.380000E+03 1.092153E-03
7.390000E+03 1.092153E-03
7.400000E+03 1.092153E-03
7.410000E+03 1.092153E-03
7.420000E+03 1.092153E-03
7.430000E+03 1.092153E-03
7.440000E+03 1.059057E-03
7.450000E+03 1.025962E-03
7.460000E+03 9.928663E-04
7.470000E+03 9.928663E-04
7.480000E+03 9.928663E-04
7.490000E+03 9.928663E-04
7.500000E+03 9.928663E-04
7.510000E+03 9.928663E-04
7.520000E+03 9.928663E-04
7.530000E+03 1.025962E-03
7.540000E+03 1.059057E-03
7.550000E+03 1.092153E-03
7.560000E+03 1.092153E-03
7.570000E+03 1.092153E-03
7.580000E+03 1.092153E-03
7.590000E+03 1.092153E-03
7.600000E+03 1.092153E-03
7.610000E+03 1.092153E-03
7.620000E+03 1.092153E-03
7.630000E+03 1.092153E-03
7.640000E+03 1.092153E-03
7.650000E+03 1.092153E-03
7.660000E+03 1.092153E-03
7.670000E+03 1.092153E-03
7.680000E+03 1.125248E-03
7.690000E+03 1.158344E-03
7.700000E+03 1.191440E-03
7.710000E+03 1.191440E-03
7.720000E+03 1.191440E-03
7.730000E+03 1.191440E-03
7.740000E+03 1.191440E-03
7.750000E+03 1.191440E-03
7.760000E+03 1.191440E-03
7.770000E+03 1.191440E-03
7.780000E+03 1.191440E-03
7.790000E+03 1.191440E-03
7.800000E+03 1.191440E-03
7.810000E+03 1.191440E-03
7.820000E+03 1.191440E-03
7.830000E+03 1.224535E-03
7.840000E+03 1.257631E-03
7.850000E+03 1.290726E-03
7.860000E+03 1.290726E-03
7.870000E+03 1.290726E-03
7.880000E+03 1.290726E-03
7.890000E+03 1.290726E-03
7.900000E+03 1.290726E-03
7.910000E+03 1.290726E-03
7.920000E+03 1.290726E-03
7.930000E+03 1.290726E-03
7.940000E+03 1.290726E-03
7.950000E+03 1.323822E-03
7.960000E+03 1.356917E-03
7.970000E+03 1.390013E-03
7.980000E+03 1.390013E-03
7.990000E+03 1.390013E-03
8.000000E+03 1.390013E-03
