2454270.897	0.661	0.017
2454276.534	0.688	0.019
2454276.601	0.699	0.019
2454283.355	0.676	0.020
2454283.422	0.728	0.021
2454283.489	0.727	0.022
2454290.327	0.808	0.026
2454290.373	0.760	0.021
2454290.439	0.805	0.021
2454290.507	0.776	0.020
2454290.574	0.765	0.019
2454297.145	0.768	0.019
2454297.214	0.764	0.020
2454304.033	0.852	0.022
2454304.106	0.836	0.025
2454304.176	0.880	0.033
2454310.941	0.829	0.022
2454311.009	0.841	0.022
2454311.065	0.892	0.030
2454317.956	0.750	0.024
2454318.024	0.756	0.025
2454318.094	0.723	0.032
2456383.991	2.270	0.055
2456384.191	2.130	0.052
2456388.131	1.990	0.046
2456388.198	2.080	0.048
2456392.205	1.880	0.044
2456395.946	1.660	0.039
2456396.013	1.600	0.037
2456400.154	1.530	0.038
2456400.221	1.520	0.038
2456403.905	1.540	0.036
2456408.033	1.520	0.038
2456408.101	1.450	0.039
2456411.638	1.520	0.036
2456411.705	1.520	0.036
2456415.590	1.600	0.039
2456415.657	1.490	0.037
2456419.982	1.570	0.042
2456420.049	1.560	0.043
2456424.121	1.550	0.036
2456424.188	1.560	0.036
2456428.136	1.710	0.040
2456428.193	1.720	0.041
2456431.669	1.680	0.047
2456431.798	1.718	0.029
2456431.940	1.780	0.041
2456432.816	1.670	0.048
2456436.205	1.830	0.042
2456436.271	1.790	0.041
2456437.941	1.790	0.040
2456440.210	1.780	0.043
2456440.277	1.780	0.043
2456443.960	1.770	0.044
2456444.028	1.720	0.045
2456444.216	1.780	0.041
2456444.283	1.730	0.040
2456448.155	1.720	0.040
2456448.225	1.710	0.042
2456452.033	1.670	0.043
2456452.109	1.630	0.044
2456452.163	1.660	0.042
2456453.966	1.610	0.043
2456454.032	1.640	0.044
2456456.035	1.620	0.045
2456456.104	1.630	0.043
2456457.637	1.580	0.036
2456459.521	1.590	0.046
2456459.572	1.570	0.040
2456460.176	1.650	0.042
2456460.246	1.600	0.041
2456461.925	1.620	0.046
2456463.911	1.680	0.040
2456463.978	1.660	0.042
2456465.727	1.660	0.042
2456465.793	1.650	0.045
2456468.184	1.730	0.044
2456468.254	1.750	0.043
2456469.801	1.650	0.040
2456469.872	1.750	0.049
2456471.273	1.790	0.040
2456472.337	1.790	0.044
2456472.400	1.770	0.043
2456472.471	1.770	0.043
2456472.859	1.840	0.041
2456474.467	1.780	0.040
2456474.793	1.950	0.043
2456475.738	1.920	0.050
2456475.805	1.940	0.044
2456476.404	1.900	0.046
2456476.459	1.950	0.057
2456477.194	1.890	0.043
2456478.262	1.880	0.043
2456478.533	1.810	0.041
2456479.863	1.680	0.038
2456480.144	1.810	0.042
2456480.211	1.750	0.040
2456480.534	1.820	0.041
2456481.672	1.700	0.039
2456482.535	1.670	0.038
2456483.601	1.680	0.045
2456483.878	1.680	0.039
2456483.934	1.800	0.045
2456485.212	1.830	0.041
2456486.005	1.920	0.043
2456486.937	1.870	0.044
2456487.004	1.830	0.054
2456487.739	1.910	0.060
2456487.806	1.880	0.059
2456488.207	1.860	0.052
2456488.273	1.970	0.055
2456488.538	1.930	0.053
2456488.605	1.890	0.052
2456490.027	1.950	0.044
2456491.152	2.060	0.046
2456491.877	2.080	0.051
2456491.944	2.100	0.054
2456492.887	2.050	0.045
2456494.081	2.110	0.047
2456494.958	2.110	0.052
2456495.026	2.180	0.056
2456495.749	2.160	0.051
2456495.816	2.180	0.051
2456496.151	2.230	0.049
2456496.551	2.240	0.050
2456497.624	2.320	0.052
2456498.553	2.420	0.059
2456499.700	2.380	0.053
2456501.849	2.550	0.062
2456502.969	2.460	0.054
2456503.380	2.490	0.065
2456503.427	2.450	0.063
2456503.968	2.470	0.059
2456504.034	2.440	0.059
2456505.039	2.390	0.053
2456505.897	2.380	0.061
2456505.965	2.450	0.056
2456507.772	2.570	0.065
2456507.843	2.520	0.055
2456509.247	2.680	0.060
2456509.452	2.720	0.065
2456511.508	2.670	0.059
2456511.711	2.620	0.060
2456515.512	2.790	0.065
2456515.575	2.780	0.068
2456520.186	2.980	0.067
2456520.453	2.990	0.066
2456523.716	2.990	0.066
2456531.859	3.250	0.076
2456531.925	3.180	0.073
2456535.529	3.220	0.072
2456535.596	3.220	0.072
2456539.867	3.040	0.071
2456539.934	3.020	0.070
2456547.543	3.320	0.076
2456547.610	3.320	0.077
2456647.726	2.420	0.049
2456647.780	2.340	0.047
2456666.071	2.290	0.061
2456668.278	2.180	0.060
2456668.468	2.270	0.053
2456670.463	2.380	0.056
2456672.345	2.400	0.055
2456674.067	2.340	0.055
2456676.484	2.460	0.061
2456682.002	2.560	0.059
2456684.349	2.580	0.058
2456690.422	2.380	0.056
2456698.355	2.860	0.064
2456699.558	2.760	0.064
2456702.412	2.790	0.063
2456706.482	2.770	0.064
2456708.223	2.720	0.062
2456710.101	2.600	0.066
2456710.163	2.650	0.068
2456710.632	2.490	0.063
2456711.019	2.480	0.065
2456711.354	2.540	0.069
2456712.088	2.430	0.061
2456713.224	2.500	0.065
2456713.506	2.520	0.064
2456713.954	2.490	0.066
2456714.221	2.360	0.061
2456714.506	2.420	0.064
2456715.038	2.440	0.064
2456715.638	2.420	0.063
2456717.034	2.340	0.061
2456718.363	2.170	0.054
2456718.633	2.060	0.055
2456719.706	2.170	0.055
2456720.096	2.070	0.057
2456720.371	2.110	0.053
2456720.633	2.110	0.056
2456720.963	1.980	0.051
2456721.375	2.040	0.052
2456721.565	1.990	0.054
2456722.366	1.970	0.051
2456722.838	1.880	0.051
2456723.107	1.920	0.051
2456723.438	1.970	0.051
2456723.890	1.870	0.050
2456724.444	1.920	0.050
2456724.564	1.880	0.051
2456725.163	1.890	0.051
2456725.291	1.920	0.051
2456725.633	2.000	0.053
2456726.024	1.940	0.055
2456726.306	1.960	0.049
2456727.024	1.955	0.037
2456727.305	1.930	0.048
2456727.506	1.950	0.053
2456727.841	1.970	0.052
2456728.575	1.940	0.051
2456728.840	1.950	0.050
2456729.638	2.000	0.052
2456730.032	2.020	0.054
2456730.368	2.090	0.053
2456730.628	2.080	0.052
2456730.958	2.020	0.051
2456731.361	2.000	0.049
2456731.626	2.040	0.052
2456732.041	2.040	0.052
2456732.366	2.000	0.050
2456732.711	2.070	0.052
2456732.975	2.050	0.052
2456733.226	2.030	0.050
2456733.570	2.010	0.051
2456733.966	2.030	0.051
2456734.232	2.060	0.050
2456734.507	2.110	0.054
2456734.892	2.180	0.056
2456735.292	2.170	0.053
2456735.633	2.270	0.057
2456736.293	2.330	0.057
2456736.559	2.380	0.061
2456736.892	2.450	0.062
2456737.507	2.450	0.064
2456737.893	2.440	0.064
2456738.226	2.600	0.064
2456738.509	2.580	0.068
2456738.893	2.560	0.065
2456739.226	2.580	0.063
2456739.580	2.740	0.071
2456739.977	2.700	0.066
2456740.312	2.660	0.065
2456740.513	2.750	0.069
2456740.909	2.770	0.070
2456741.313	2.820	0.069
2456741.507	2.730	0.071
2456741.892	2.780	0.069
2456742.226	2.710	0.066
2456742.711	2.870	0.074
2456742.959	2.910	0.071
2456743.366	3.010	0.072
2456743.507	2.900	0.072
2456744.434	3.044	0.050
2456744.507	3.060	0.075
2456745.373	3.030	0.077
2456745.577	3.110	0.078
2456745.898	3.130	0.078
2456746.235	3.080	0.075
2456746.569	3.090	0.078
2456746.893	3.110	0.077
2456747.293	3.050	0.077
2456747.693	3.150	0.078
2456748.026	3.170	0.078
2456748.507	3.080	0.080
2456749.093	3.140	0.076
2456749.370	3.080	0.075
2456750.447	3.080	0.075
2456750.572	3.020	0.075
2456751.561	3.060	0.077
2456752.032	2.920	0.074
2456752.629	2.890	0.075
2456753.031	2.860	0.071
2456753.360	2.750	0.069
2456753.698	2.670	0.070
2456753.906	2.730	0.066
2456754.163	2.660	0.066
2456754.361	2.590	0.061
2456755.041	2.640	0.067
2456755.362	2.610	0.066
2456755.514	2.490	0.063
2456756.094	2.510	0.064
2456756.299	2.580	0.064
2456756.766	2.450	0.063
2456757.295	2.570	0.064
2456757.511	2.670	0.065
2456757.975	2.630	0.065
2456758.306	2.560	0.063
2456758.511	2.610	0.064
2456758.962	2.550	0.062
2456759.228	2.570	0.063
2456759.829	2.600	0.063
2456760.296	2.550	0.062
2456761.035	2.570	0.063
2456761.829	2.670	0.064
2456762.037	2.620	0.064
2456762.298	2.570	0.062
2456762.831	2.550	0.067
2456763.041	2.580	0.065
2456763.374	2.570	0.063
2456763.511	2.530	0.062
2456764.030	2.580	0.062
2456764.380	2.650	0.064
2456764.763	2.680	0.067
2456765.112	2.560	0.066
2456765.697	2.720	0.071
2456766.097	2.570	0.066
2456766.380	2.670	0.071
2456766.718	2.610	0.068
2456767.379	2.510	0.064
2456768.442	2.540	0.063
2456769.379	2.780	0.069
2456770.508	2.700	0.068
2456770.841	2.720	0.068
2456771.173	2.810	0.069
2456774.718	2.960	0.078
2456774.921	2.870	0.073
2456775.574	2.960	0.072
2456776.034	2.840	0.070
2456776.235	2.870	0.068
2456776.970	2.850	0.069
2456777.370	2.860	0.070
2456777.517	2.790	0.071
2456778.582	2.820	0.071
2456779.847	2.850	0.070
2456780.247	2.810	0.070
2456780.517	2.790	0.073
2456780.583	2.760	0.072
2456781.114	2.710	0.067
2456782.094	2.860	0.071
2456782.304	2.740	0.066
2456782.702	2.710	0.069
2456782.973	2.830	0.072
2456783.363	2.850	0.073
2456783.561	2.830	0.072
2456783.960	2.870	0.071
2456784.442	2.910	0.083
2456785.037	2.980	0.076
2456785.562	3.010	0.075
2456786.361	3.000	0.073
2456786.971	2.970	0.074
2456787.303	2.850	0.069
2456787.709	2.780	0.071
2456787.977	2.920	0.074
2456788.301	2.920	0.074
2456789.041	2.840	0.069
2456789.303	2.730	0.067
2456789.644	2.740	0.071
2456789.962	2.850	0.070
2456790.631	2.680	0.068
2456791.032	2.720	0.069
2456791.961	2.710	0.067
2456792.363	2.720	0.069
2456792.506	2.760	0.073
2456792.841	2.900	0.070
2456793.840	2.820	0.068
2456794.692	2.790	0.074
2456795.358	2.670	0.071
2456795.889	2.690	0.066
2456796.889	2.810	0.070
2456797.222	2.740	0.066
2456797.506	2.680	0.069
2456797.889	2.630	0.066
2456798.222	2.810	0.069
2456798.506	2.790	0.072
2456798.888	2.770	0.068
2456799.222	2.840	0.067
2456799.559	2.830	0.068
2456800.022	2.700	0.064
2456800.357	2.690	0.068
2456800.823	2.870	0.069
2456801.093	2.820	0.068
2456802.091	2.840	0.066
2456802.624	2.910	0.068
2456802.887	2.790	0.073
2456804.227	2.740	0.067
2456805.088	2.750	0.070
2456805.971	2.820	0.068
2456806.366	2.800	0.068
2456806.887	2.800	0.069
2456807.221	2.830	0.068
2456807.773	2.990	0.118
2456807.886	2.800	0.069
2456808.223	2.840	0.073
2456808.886	2.880	0.071
2456809.218	2.900	0.073
2456809.552	2.920	0.072
2456809.886	2.900	0.071
2456810.219	2.810	0.071
2456810.552	2.780	0.069
2456810.886	2.860	0.070
2456811.219	2.820	0.075
2456812.368	2.780	0.070
2456812.885	2.890	0.072
2456813.224	2.940	0.075
2456813.552	2.830	0.071
2456813.970	2.970	0.071
2456814.368	2.860	0.069
2456814.552	3.060	0.079
2456814.621	2.970	0.071
2456814.952	2.820	0.070
2456815.694	3.000	0.075
2456815.953	3.180	0.080
2456816.226	3.020	0.075
2456817.620	3.230	0.076
2456818.086	3.340	0.074
2456818.237	3.360	0.083
2456818.702	3.260	0.082
2456818.956	3.350	0.081
2456819.693	3.240	0.081
2456820.224	3.490	0.085
2456820.635	3.220	0.080
2456820.686	3.270	0.081
2456821.901	3.270	0.079
2456822.362	3.220	0.080
2456822.970	3.310	0.088
2456823.153	3.290	0.083
2456823.292	3.010	0.074
2456824.617	3.220	0.081
2456825.360	3.170	0.078
2456825.549	3.100	0.076
2456825.950	3.100	0.066
2456826.428	3.080	0.077
2456826.761	3.000	0.075
2456827.035	2.980	0.073
2456827.427	2.840	0.071
2456827.881	2.910	0.071
2456828.150	2.870	0.072
2456828.426	2.910	0.073
2456828.549	2.890	0.064
2456829.015	2.850	0.072
2456829.287	2.870	0.072
2456829.814	2.780	0.072
2456830.148	2.800	0.069
2456830.419	2.780	0.070
2456869.873	2.965	0.064
2456871.932	3.056	0.066
2456873.665	3.096	0.067
2456875.599	3.141	0.068
